-50 -50 -49 -49 -49 
-49 -47 -46 -44 -42 
-41 -40 -39 -38 -37 
-37 -35 -35 -34 -34 
-34 -33 -32 -32 -32 
-31 -31 -31 -30 -29 
-29 -28 -27 -26 -24 
-23 -23 -21 -19 -19 
-18 -17 -16 -15 -14 
-13 -13 -12 -12 -11 
-11 -11 -10 -10  -9 
 -9  -8  -8  -7  -7 
 -6  -6  -5  -5  -5 
 -5  -4  -3  -3  -1 
 -1   0   1   1   2 
  2   3   4   4   4 
  7   7   9  10  11 
 12  13  14  16  16 
 16  18  18  18  18 
 18  19  19  19  19 
 19  20  20  20  20 
 20  20  21  21  21 
 22  22  23  23  25 
 25  25  26  28  28 
 29  31  31  32  33 
 33  33  33  35  38 
 39  40  40  40  40 
 41  43  44  44  45 
 46  47  47  48  48 
 48  49  49  50  50 

---------------
-49 -49 -49 -49 -47 
-46 -44 -42 -41 -39 
-38 -37 -37 -34 -34 
-34 -33 -32 -32 -32 
-31 -31 -31 -29 -29 
-28 -27 -26 -24 -23 
-23 -21 -19 -19 -18 
-17 -16 -14 -13 -13 
-12 -12 -11 -11 -11 
 -9  -9  -8  -8  -7 
 -7  -6  -6  -4  -3 
 -3  -1  -1   1   1 
  2   2   3   4   4 
  4   7   7   9  11 
 12  13  14  16  16 
 16  18  18  18  18 
 18  19  19  19  19 
 19  21  21  21  22 
 22  23  23  26  28 
 28  29  31  31  32 
 33  33  33  33  38 
 39  41  43  44  44 
 46  47  47  48  48 
 48  49  49 
---------------
-49 -49 -49 -49 -47 
-41 -39 -37 -37 -33 
-31 -31 -31 -29 -29 
-27 -23 -23 -21 -19 
-19 -17 -13 -13 -11 
-11 -11  -9  -9  -7 
 -7  -3  -3  -1  -1 
  1   1   3   7   7 
  9  11  13  19  19 
 19  19  19  21  21 
 21  23  23  29  31 
 31  33  33  33  33 
 39  41  43  47  47 
 49  49 
---------------
 48  48  48  46  44 
 44  38  32  28  28 
 26  22  22  18  18 
 18  18  18  16  16 
 16  14  12   4   4 
  4   2   2  -4  -6 
 -6  -8  -8 -12 -12 
-14 -16 -18 -24 -26 
-28 -32 -32 -32 -34 
-34 -34 -38 -42 -44 
-46 
---------------
